freqTable = [20 50 100 200 300 400 500 600 700 800 900 1000 1200,...
    1400 1600 1800 2000 2400 2800 3200 3500 4000 4500 5000,...
    5500 6000 6500 7000 7500 8000 8500 9000];

